<?xml version="1.0"?>
<opencv_storage>
<calibration_time>"mar. 04 févr. 2020 23:24:59 CET"</calibration_time>
<nr_of_frames>25</nr_of_frames>
<image_width>640</image_width>
<image_height>480</image_height>
<board_width>9</board_width>
<board_height>6</board_height>
<square_size>26.</square_size>
<fix_aspect_ratio>1.</fix_aspect_ratio>
<!-- flags: +fix_aspectRatio +fix_principal_point +zero_tangent_dist +fix_k4 +fix_k5 -->
<flags>6158</flags>
<fisheye_model>0</fisheye_model>
<camera_matrix type_id="opencv-matrix">
  <rows>3</rows>
  <cols>3</cols>
  <dt>d</dt>
  <data>
    6.7745456568570455e+02 0. 3.1950000000000000e+02 0.
    6.7745456568570455e+02 2.3950000000000000e+02 0. 0. 1.</data></camera_matrix>
<distortion_coefficients type_id="opencv-matrix">
  <rows>5</rows>
  <cols>1</cols>
  <dt>d</dt>
  <data>
    2.7753760222795631e-01 -3.1324309746370094e-01 0. 0.
    3.8048706869296522e-01</data></distortion_coefficients>
<avg_reprojection_error>4.5467680091295715e-01</avg_reprojection_error>
<per_view_reprojection_errors type_id="opencv-matrix">
  <rows>25</rows>
  <cols>1</cols>
  <dt>f</dt>
  <data>
    3.47192675e-01 3.55505317e-01 2.37567753e-01 2.76955485e-01
    4.27736342e-01 5.77090263e-01 6.79023743e-01 3.12330842e-01
    2.92294115e-01 2.94361264e-01 5.01954377e-01 6.29659116e-01
    3.69213313e-01 2.83863813e-01 3.36862296e-01 4.98244315e-01
    6.38580918e-01 7.18169749e-01 5.54375052e-01 3.20073724e-01
    3.41533899e-01 5.07203221e-01 4.12938774e-01 4.17266399e-01
    5.12438834e-01</data></per_view_reprojection_errors>
<!-- a set of 6-tuples (rotation vector + translation vector) for each view -->
<extrinsic_parameters type_id="opencv-matrix">
  <rows>25</rows>
  <cols>6</cols>
  <dt>d</dt>
  <data>
    4.1597911066260311e-02 -6.2690109428537089e-02
    -8.5686768650640992e-03 -3.5149583486074619e+02
    -2.6879612766319809e+02 8.9150286043530446e+02
    1.0902276508601963e-01 -1.1897117988599276e-01
    4.3798559814844642e-03 -2.8998395015214157e+02
    -2.6310828127270588e+02 9.0948540037579505e+02
    1.2983028083633727e-01 -9.9070762458135481e-02
    2.9996644014205619e-02 -1.7108540800196573e+02
    -2.8503563304585691e+02 9.1477880632075039e+02
    1.3667213510295415e-01 -8.4003200668197331e-02
    2.9323740166195270e-02 -3.2053383284506040e+01
    -2.7665672895599624e+02 8.3929797123758647e+02
    1.3742861674589146e-01 -1.0902367709741945e-01
    -1.7548604174497391e-02 4.4588265599757761e+01
    -2.6006394518371530e+02 8.0317994133171612e+02
    9.8443462773122783e-02 -1.9176547568898519e-01
    -3.0416911168800635e-02 9.2564860416065699e+01
    -2.3848144806618362e+02 7.7534354303293958e+02
    1.4899129411650566e-01 -2.0405431995228923e-01
    -2.5755753325355352e-03 9.0465962175585645e+01
    -1.4845872847608865e+02 7.3074915544916757e+02
    1.3908007405618081e-01 -5.4689523340451823e-02
    -3.3755758132357538e-02 -7.4590062575494205e+00
    -1.4412706235155440e+02 7.2899357255339919e+02
    1.4398569646675416e-01 -6.0694277212679081e-02
    1.1241236818653936e-02 -6.7753568819578973e+01
    -1.3168226205035086e+02 7.2245266674405207e+02
    5.5031982207774617e-02 -2.0233119254157619e-02
    2.9635535191882636e-02 -1.8175367921781972e+02
    -1.2843455593803716e+02 7.2846549295734997e+02
    1.2053307616218308e-01 1.9394223343186343e-02 4.7319327962322029e-02
    -2.7914484758168379e+02 -1.0105598694422690e+02
    7.1249055709350318e+02 1.8231849193077707e-01
    -3.6669884883557019e-02 2.4287650994181034e-03
    -2.8730328194031500e+02 2.9816129573003391e+01
    7.1895180177554744e+02 -2.1502771483056939e-02
    -1.7717710829958697e-01 -4.8318292346733308e-02
    -2.5465549638320073e+02 1.5486401940423439e+01
    7.4240508069439556e+02 -1.5669535914498291e-02
    -1.4950485584739168e-01 -4.6801363216675369e-03
    -1.6694673215353743e+02 3.3281218056057389e+00
    7.4529903065615633e+02 3.5143372791901613e-02
    -7.7813445885826671e-02 1.4447285091875548e-02
    -8.0479103720999490e+01 5.5400645223107925e-01
    7.2743901898150148e+02 6.2193560090259531e-02
    -9.5291077210839084e-02 -2.6891289368720161e-02
    1.0879057361287630e+01 7.3618111919545672e+00 6.8898036696804672e+02
    1.2724916936477473e-01 -4.7206220745115580e-02
    -1.7794408638349914e-03 6.0639279682162766e+01
    1.9192012940743258e+01 6.8646593296332696e+02 1.1833598656292603e-01
    -3.4260412279748173e-02 2.4345251424124158e-02
    2.2927166470920433e+01 8.2707380615170351e+01 6.6621413987790413e+02
    8.3563334906434014e-02 -1.1094194269688685e-02
    1.4420685607037197e-02 -2.8038792830475447e+01
    6.6507568915214677e+01 6.7157256272054474e+02
    -1.2428990715457265e-02 -1.5787702287962412e-02
    5.4213194918477314e-02 -1.4623492942768428e+02
    6.9501683361748022e+01 7.0103566090764127e+02
    -5.1720583369272970e-03 -2.1137136148853219e-02
    7.8673610454828777e-03 -1.5678079230620801e+02
    7.1098460607305682e+01 6.9388593605564836e+02 1.1097595440004984e-01
    2.5425090944019214e-02 6.9376511693275633e-02
    -2.7619932533964391e+02 6.1951124017622440e+01
    6.9333842270979176e+02 -3.8304336924712169e-02
    -1.2896788920900334e-02 4.0646940244958164e-02
    -2.6480148643648340e+02 -6.8684540496258521e+01
    6.7245313496703500e+02 7.0061996493342577e-02
    -1.3297347174893065e-01 9.8174824109945977e-02
    -1.8904309520100747e+02 -8.5120365739862862e+01
    6.5392784265320552e+02 1.5306540340259350e-01
    -8.0869410555064108e-02 9.9490821907125174e-02
    -1.1728411678681832e+02 -6.7294289657426418e+01
    6.3315503817897888e+02</data></extrinsic_parameters>
